0 0.438078 0.582187 0.048578 0.062819
0 0.463875 0.521660 0.055516 0.066319
0 0.464336 0.454458 0.035641 0.036000
0 0.515762 0.436931 0.044242 0.038833
0 0.563234 0.445868 0.034250 0.027153
0 0.174406 0.378222 0.064156 0.071417
0 0.228512 0.407167 0.020086 0.022750
0 0.298914 0.406000 0.025141 0.022722
0 0.255324 0.404285 0.022836 0.026208
0 0.339824 0.419806 0.029117 0.018667
0 0.385664 0.484604 0.040047 0.036347
0 0.369484 0.443167 0.022891 0.029722
0 0.990824 0.642319 0.018023 0.057972
0 0.543250 0.582014 0.057687 0.082917
0 0.623305 0.679708 0.078016 0.101861
0 0.292566 0.503799 0.040148 0.049764
0 0.778332 0.642958 0.087617 0.117111
0 0.842543 0.615944 0.072773 0.069472
0 0.616543 0.497646 0.051570 0.059653
0 0.736105 0.518403 0.052773 0.050639
0 0.700043 0.537701 0.057023 0.058625
0 0.476270 0.632667 0.059898 0.081889
0 0.284805 0.627667 0.061641 0.107722
0 0.262273 0.900382 0.121719 0.195347
0 0.551121 0.473854 0.048852 0.052153
0 0.329125 0.538736 0.044094 0.064417
0 0.229867 0.468188 0.034797 0.037208
0 0.275191 0.462917 0.036664 0.032694
0 0.236195 0.444986 0.034437 0.027639
0 0.269316 0.437611 0.032539 0.024278
0 0.323559 0.443583 0.039930 0.039583
0 0.378883 0.512722 0.045203 0.061056
