0 0.398250 0.448486 0.035422 0.031861
0 0.477547 0.614097 0.066172 0.095556
0 0.378617 0.620965 0.060469 0.103319
0 0.555414 0.465347 0.058703 0.053472
0 0.963668 0.705222 0.068273 0.070167
0 0.762918 0.409319 0.037430 0.050444
0 0.326355 0.416861 0.034852 0.035861
0 0.462691 0.949444 0.114289 0.095083
0 0.497332 0.481389 0.042758 0.038750
0 0.686523 0.742688 0.090188 0.116347
0 0.271941 0.832722 0.080508 0.161889
0 0.275813 0.707993 0.062688 0.101264
0 0.608117 0.889674 0.110719 0.182292
0 0.768801 0.568944 0.067367 0.067306
0 0.814422 0.519597 0.059906 0.057917
0 0.772852 0.652861 0.078312 0.090583
0 0.635223 0.557438 0.058961 0.051931
0 0.264762 0.412743 0.026742 0.027125
0 0.237668 0.410750 0.025758 0.026139
0 0.193199 0.398681 0.015742 0.019000
0 0.307480 0.468986 0.040039 0.040917
0 0.273969 0.489681 0.034828 0.044361
0 0.237395 0.534625 0.036633 0.050861
0 0.426855 0.436222 0.040180 0.042167
0 0.593375 0.462028 0.036547 0.039833
