0 0.263973 0.412979 0.023492 0.026208
0 0.663152 0.476292 0.043758 0.030861
0 0.936516 0.692208 0.085641 0.076556
0 0.979398 0.580125 0.041125 0.071694
0 0.447281 0.573403 0.053781 0.065833
0 0.610254 0.474090 0.050336 0.051625
0 0.596523 0.529813 0.038641 0.048931
0 0.929129 0.608486 0.083602 0.075306
0 0.676910 0.580743 0.062211 0.066819
0 0.522504 0.693181 0.066523 0.116250
0 0.682719 0.721694 0.086203 0.128083
0 0.811191 0.676153 0.085023 0.082917
0 0.398789 0.657521 0.076953 0.137236
0 0.284750 0.782111 0.082531 0.169556
0 0.676289 0.963597 0.111219 0.072806
0 0.285996 0.631271 0.049445 0.073653
0 0.274066 0.590785 0.040336 0.056681
0 0.330453 0.549729 0.044672 0.065542
0 0.237629 0.523313 0.037305 0.050514
0 0.240543 0.468375 0.035320 0.038556
0 0.342660 0.493688 0.043258 0.049597
0 0.202109 0.478819 0.034047 0.051278
0 0.546223 0.585701 0.068977 0.099264
0 0.499602 0.485125 0.047953 0.047806
0 0.536379 0.438618 0.038883 0.033125
0 0.473195 0.427243 0.045359 0.046653
0 0.444199 0.468854 0.037586 0.044069
0 0.391953 0.446826 0.033531 0.028792
0 0.314273 0.418743 0.027859 0.029097
0 0.262922 0.450424 0.039203 0.040597
0 0.237406 0.403771 0.026078 0.030236
0 0.212215 0.438618 0.035320 0.034264
0 0.189133 0.397437 0.017656 0.021597
