0 0.233828 0.398354 0.021984 0.025208
0 0.253586 0.402965 0.031266 0.033903
0 0.179043 0.418250 0.017008 0.033750
0 0.345883 0.494653 0.043766 0.047056
0 0.433828 0.898271 0.106562 0.203458
0 0.597227 0.642840 0.072453 0.089125
0 0.561520 0.490410 0.045758 0.039319
0 0.569145 0.447701 0.037523 0.034708
0 0.334336 0.428764 0.030703 0.023639
0 0.341680 0.410694 0.026719 0.020000
0 0.194531 0.442972 0.021625 0.041944
0 0.190477 0.472583 0.018578 0.048278
0 0.983676 0.636264 0.032195 0.087583
0 0.830715 0.612056 0.071617 0.062139
0 0.307414 0.529340 0.047016 0.072653
0 0.382117 0.624201 0.050766 0.077236
0 0.423809 0.421687 0.037070 0.034153
0 0.507133 0.464465 0.040359 0.037986
0 0.273965 0.839493 0.085648 0.135764
0 0.631684 0.561507 0.053523 0.050625
0 0.238879 0.521167 0.041820 0.063167
0 0.663203 0.517979 0.053594 0.052903
0 0.858527 0.705549 0.106273 0.095847
0 0.852523 0.940972 0.108172 0.117222
0 0.294000 0.466729 0.040234 0.048319
0 0.189043 0.398021 0.024727 0.026597
