0 0.718422 0.604090 0.064609 0.080347
0 0.850078 0.562396 0.061766 0.079153
0 0.785410 0.561993 0.099039 0.095264
0 0.386320 0.626479 0.060344 0.094069
0 0.482926 0.471910 0.041492 0.029542
0 0.575605 0.480167 0.052039 0.051056
0 0.613719 0.476444 0.036594 0.034639
0 0.306184 0.413299 0.020102 0.019597
0 0.528711 0.726479 0.068359 0.103097
0 0.775766 0.427757 0.047297 0.050403
0 0.454117 0.521597 0.046422 0.053528
0 0.408785 0.436368 0.033211 0.028514
0 0.374199 0.441556 0.034664 0.036000
0 0.346027 0.491174 0.045289 0.054708
0 0.265602 0.484208 0.042391 0.053167
0 0.257766 0.550021 0.039484 0.053681
0 0.817137 0.927778 0.161320 0.144444
0 0.430145 0.937611 0.142680 0.124333
0 0.249707 0.398125 0.027117 0.021528
0 0.212027 0.400361 0.027227 0.038083
0 0.184676 0.388097 0.019242 0.023444
0 0.482102 0.437014 0.040453 0.033750
0 0.454156 0.591083 0.061437 0.078111
0 0.276309 0.602896 0.048086 0.080236
0 0.585156 0.523118 0.049062 0.045514
