0 0.567648 0.498556 0.055547 0.091250
0 0.778430 0.655236 0.084578 0.071583
0 0.332496 0.536979 0.043039 0.062375
0 0.301055 0.650069 0.051656 0.093056
0 0.424316 0.566549 0.052336 0.080403
0 0.821996 0.559021 0.068773 0.055764
0 0.220902 0.396611 0.019414 0.022583
0 0.248855 0.404458 0.030992 0.023611
0 0.283820 0.406708 0.025656 0.025861
0 0.301676 0.423014 0.024039 0.025861
0 0.361465 0.410361 0.026602 0.025306
0 0.388363 0.430604 0.030992 0.033181
0 0.344242 0.430326 0.024984 0.024736
0 0.321930 0.480361 0.041719 0.039361
0 0.276090 0.489639 0.039852 0.048917
0 0.374102 0.512125 0.045547 0.053417
0 0.709703 0.551840 0.060687 0.062014
0 0.257512 0.946444 0.114086 0.107111
0 0.468676 0.968674 0.116742 0.060625
0 0.682320 0.501174 0.052500 0.052875
0 0.958969 0.605701 0.067219 0.073319
0 0.652125 0.440556 0.124812 0.091389
0 0.506828 0.430333 0.102531 0.092861
0 0.629023 0.879486 0.125266 0.187722
0 0.258871 0.546056 0.041852 0.098833
0 0.565293 0.478840 0.051898 0.052153
0 0.800590 0.506889 0.063258 0.047667
