0 0.417305 0.433472 0.042266 0.034167
0 0.444098 0.503875 0.050555 0.068639
0 0.467336 0.445486 0.040328 0.037639
0 0.647332 0.566347 0.058414 0.052417
0 0.920125 0.655257 0.100234 0.110042
0 0.628617 0.510549 0.052250 0.047597
0 0.308668 0.521285 0.039961 0.057486
0 0.544996 0.502125 0.044727 0.050056
0 0.657918 0.699174 0.088586 0.113542
0 0.401004 0.677424 0.060992 0.114903
0 0.379672 0.478736 0.039203 0.040028
0 0.257578 0.483063 0.036828 0.039819
0 0.250090 0.448090 0.037523 0.030125
0 0.532789 0.587882 0.054719 0.072264
0 0.296574 0.422840 0.030258 0.034208
0 0.261906 0.416451 0.020437 0.023903
0 0.345383 0.403854 0.035703 0.023153
0 0.466531 0.422736 0.033578 0.023056
0 0.217270 0.407771 0.022523 0.020458
0 0.238410 0.403597 0.018789 0.020167
0 0.188031 0.395528 0.016203 0.014972
0 0.332695 0.482910 0.040828 0.045514
0 0.597602 0.826569 0.094047 0.139778
0 0.498109 0.628722 0.066484 0.102194
0 0.766156 0.642278 0.077375 0.085111
0 0.374840 0.518903 0.043680 0.050528
0 0.542434 0.459479 0.048523 0.034847
0 0.664848 0.966153 0.115633 0.067694
0 0.701609 0.507333 0.052094 0.060056
0 0.876703 0.931986 0.154562 0.136028
0 0.346230 0.423285 0.033008 0.028236
0 0.370168 0.587653 0.048258 0.076750
