0 0.205898 0.485437 0.033047 0.060514
0 0.733164 0.624382 0.072109 0.068486
0 0.776082 0.536653 0.049039 0.048306
0 0.743000 0.559569 0.059750 0.054778
0 0.394344 0.691528 0.062906 0.093444
0 0.239922 0.465993 0.041906 0.049708
0 0.653832 0.521042 0.048742 0.042361
0 0.866848 0.720812 0.096039 0.097514
0 0.620637 0.550562 0.052273 0.055542
0 0.267316 0.539250 0.040164 0.069194
0 0.452719 0.958368 0.125734 0.083264
0 0.220012 0.400340 0.026320 0.022153
0 0.222059 0.425618 0.032430 0.031847
0 0.347844 0.433542 0.034672 0.036000
0 0.437512 0.442188 0.031914 0.034847
0 0.505098 0.446118 0.120773 0.131625
0 0.663395 0.495556 0.047711 0.035861
0 0.429109 0.504924 0.044672 0.052431
0 0.368926 0.512250 0.048367 0.060139
0 0.560676 0.511806 0.048383 0.049167
0 0.289469 0.501903 0.037484 0.041806
0 0.502387 0.554028 0.049195 0.056472
