0 0.287523 0.407181 0.025656 0.030333
0 0.200883 0.403222 0.023359 0.022917
0 0.175766 0.393431 0.020469 0.017500
0 0.249437 0.518097 0.045813 0.082417
0 0.447813 0.457743 0.046500 0.048264
0 0.626020 0.499549 0.052102 0.053181
0 0.491508 0.462472 0.038531 0.040222
0 0.499820 0.556868 0.065250 0.073042
0 0.839027 0.618604 0.091758 0.080875
0 0.595125 0.528715 0.048922 0.060597
0 0.722699 0.548438 0.064523 0.070153
0 0.289090 0.597674 0.082867 0.175903
0 0.351570 0.469618 0.046391 0.066292
0 0.342871 0.543014 0.040086 0.067778
0 0.440617 0.581764 0.052109 0.067083
0 0.364367 0.438604 0.035844 0.035347
0 0.432070 0.423292 0.035094 0.032694
0 0.515691 0.441993 0.046492 0.049819
0 0.833812 0.554250 0.080125 0.071750
0 0.531449 0.679090 0.071805 0.114042
0 0.384531 0.427903 0.018203 0.026889
0 0.326355 0.421556 0.030383 0.030611
0 0.254910 0.458813 0.031102 0.033347
0 0.244562 0.436972 0.039203 0.037000
