0 0.200031 0.395417 0.025594 0.020167
0 0.245195 0.468882 0.037844 0.045958
0 0.218016 0.394410 0.010375 0.021014
0 0.271883 0.411118 0.026406 0.023903
0 0.303957 0.405062 0.028023 0.025625
0 0.323395 0.421194 0.029648 0.027944
0 0.384391 0.485069 0.043578 0.047222
0 0.615270 0.503687 0.050227 0.046681
0 0.631543 0.477118 0.049133 0.039597
0 0.621320 0.451410 0.045859 0.028181
0 0.389637 0.428889 0.035055 0.032778
0 0.324227 0.526132 0.047531 0.077264
0 0.281828 0.654514 0.057875 0.103472
0 0.485313 0.456736 0.033750 0.030139
0 0.971875 0.718910 0.056250 0.097542
0 0.435535 0.945924 0.122602 0.107736
0 0.229352 0.932299 0.104484 0.134986
0 0.262418 0.545639 0.042289 0.060139
0 0.348957 0.438153 0.031195 0.019639
0 0.314492 0.477257 0.042734 0.035653
0 0.461820 0.467375 0.031672 0.043306
0 0.825617 0.553174 0.072453 0.071042
0 0.765852 0.602361 0.068687 0.075500
0 0.559059 0.775174 0.082117 0.124764
0 0.835090 0.689382 0.090305 0.084542
0 0.555629 0.460847 0.035242 0.038972
0 0.502848 0.649896 0.069930 0.107847
