0 0.251699 0.551090 0.041086 0.049458
0 0.293238 0.778486 0.072430 0.150000
0 0.737738 0.492535 0.051555 0.051847
0 0.748547 0.577972 0.070609 0.064361
0 0.544289 0.733528 0.073797 0.110306
0 0.301063 0.596229 0.042797 0.074347
0 0.897281 0.460250 0.070922 0.064389
0 0.508844 0.566375 0.054641 0.063167
0 0.328020 0.541375 0.038570 0.062972
0 0.292254 0.506646 0.039008 0.062097
0 0.322051 0.417250 0.041477 0.034167
0 0.333816 0.486021 0.042555 0.046042
0 0.911652 0.594257 0.082945 0.061847
0 0.919371 0.548917 0.070695 0.048194
0 0.734254 0.797819 0.116211 0.174806
0 0.392113 0.641208 0.091289 0.208667
0 0.430738 0.571958 0.036555 0.070306
0 0.432840 0.511708 0.049664 0.067861
0 0.371680 0.476243 0.038391 0.043181
0 0.400957 0.416674 0.033617 0.035847
0 0.261012 0.455792 0.034383 0.034528
0 0.290688 0.442590 0.041953 0.043208
0 0.259988 0.409757 0.031430 0.028792
0 0.213656 0.405444 0.024297 0.019583
